06030001
00000101
00000016
000001D8
00000000
002340D0
00010000
00000000
002340D4
00000000
00000000
002340E0
4B252221
00000000
002340E4
1A2D2C4F
00000000
0023FF00
00000121
00000000
0023FF04
00000000
00000001
0001D1A0
0000002C
00008000
00004000
00000000
00000000
80000000
00000000
00000000
02000000
00000081
00000018
0001D1A4
00000002
00004000
00000000
00000000
0001D20C
0000000D
00000001
0001D020
0000002C
00001000
00000000
00000000
00000000
80000000
00000000
00000000
02000000
00000081
00000018
0001D024
00000000
00000000
00000000
00000003
0001D210
00000F00
00000F00
00000000
0001D214
80000001
00000001
0001D040
0000002C
0000000C
00000000
00000000
00000000
80000000
00000000
00000000
02000000
00000081
00000018
0001D044
00000001
00000000
00000000
00000003
0001D218
00000F00
00000F00
00000000
0001D21C
80000002
00000001
0001D000
0000002C
00001000
00000000
00000000
00000000
80000000
00000000
00000000
02000000
00000081
00000018
0001D004
00000002
00000000
00000000
00000003
0001D200
00000F00
00000F00
00000000
0001D204
80000000
00000080
00000010
00000000
00010100
